[[ 0.59877901  0.96691299  0.1272972   0.45198462  0.98020843  0.77061533
   0.17694369  0.73943615  0.39743767  0.12215608  0.267064    0.90833275
   0.37837199  0.90409999  0.2987404   0.39413728]
 [ 0.07106829  0.9552824   0.6487272   0.86351062  0.47386793  0.51941101
   0.80904515  0.1639164   0.45570684  0.33435275  0.89782692  0.88721727
   0.95605703  0.78886673  0.9818833   0.40837405]
 [ 0.40404421  0.35529849  0.03175139  0.82955334  0.19888414  0.39607313
   0.94351418  0.41388295  0.56203366  0.99365402  0.14571708  0.74926365
   0.34029403  0.98656998  0.52886125  0.69252089]
 [ 0.30903012  0.04445173  0.53874981  0.55610972  0.14974043  0.35033167
   0.66318341  0.18352509  0.45632315  0.56497351  0.39038333  0.72932442
   0.77921592  0.79382222  0.81419827  0.81139135]
 [ 0.24062107  0.37660958  0.53809429  0.31720048  0.48788113  0.60969252
   0.55932695  0.19785995  0.15490905  0.67608973  0.6905152   0.62019231
   0.20292054  0.04526253  0.34317182  0.07938292]
 [ 0.10549218  0.41467723  0.81353342  0.88725017  0.53101826  0.19692637
   0.26186842  0.02531686  0.96557659  0.38610421  0.95860666  0.57105675
   0.6895258   0.82384458  0.84747408  0.69906527]
 [ 0.03270903  0.27099264  0.10747247  0.62591896  0.25552692  0.49538909
   0.97519133  0.61731333  0.12706673  0.96520801  0.6629948   0.45977258
   0.33225445  0.90275809  0.49619274  0.64994027]
 [ 0.50886481  0.73145069  0.46458384  0.83255736  0.00386014  0.30373972
   0.04737241  0.44771796  0.60070709  0.64777077  0.01155118  0.98715605
   0.22343061  0.6424573   0.97043071  0.4351136 ]
 [ 0.64451783  0.37369114  0.60558045  0.01261996  0.26480444  0.1545181
   0.64977839  0.52891754  0.45856994  0.49128171  0.48137258  0.14477354
   0.77459483  0.10877023  0.03191868  0.38243358]
 [ 0.68604359  0.60899395  0.68253344  0.04000664  0.7225557   0.2903263
   0.53895826  0.99501498  0.07679509  0.9507681   0.22685703  0.91931881
   0.62910189  0.61418384  0.83827679  0.69296219]
 [ 0.40492921  0.69648248  0.47398401  0.74710623  0.02949116  0.24963217
   0.98580976  0.60357028  0.95959766  0.39021946  0.49582268  0.77531402
   0.15731667  0.67198696  0.98114915  0.93746747]
 [ 0.11917136  0.49859912  0.20973919  0.38744684  0.68671491  0.30576921
   0.74023121  0.19751951  0.41580179  0.622696    0.77130646  0.08846733
   0.62951426  0.78896607  0.20781014  0.62722472]
 [ 0.23867382  0.74790659  0.78875976  0.84314504  0.25455398  0.24406485
   0.06254136  0.48554464  0.13867034  0.97688498  0.38327949  0.34166892
   0.08446415  0.22475512  0.60091285  0.37084809]
 [ 0.92661573  0.44704538  0.54936477  0.30685094  0.44382187  0.92218165
   0.06624802  0.49822264  0.05518861  0.12400893  0.55810949  0.73513539
   0.12486938  0.40285856  0.15475622  0.49881603]
 [ 0.44341715  0.5114973   0.79821658  0.32565655  0.64593322  0.7224979
   0.90035546  0.99942877  0.71570871  0.77030764  0.75763355  0.90737063
   0.33154625  0.81396869  0.14512771  0.29640603]
 [ 0.20194783  0.95853853  0.85547861  0.33262358  0.67392706  0.19478467
   0.79543364  0.45017051  0.13352121  0.883314    0.87773702  0.82227824
   0.56098265  0.35232924  0.01154597  0.28747052]]
